0 0 9 0
0 1 10 1
1 0 2 1
1 1 15 1
2 0 17 1
2 1 25 1
3 0 28 1
3 1 12 0
4 0 12 0
4 1 4 0
5 0 22 1
5 1 16 1
6 0 2 0
6 1 17 0
7 0 27 0
7 1 20 1
8 0 25 1
8 1 15 1
9 0 8 1
9 1 10 1
10 0 27 1
10 1 11 0
11 0 27 1
11 1 25 0
12 0 22 1
12 1 21 1
13 0 12 0
13 1 1 0
14 0 27 1
14 1 26 1
15 0 22 0
15 1 22 0
16 0 16 0
16 1 9 1
17 0 9 0
17 1 10 0
18 0 9 0
18 1 1 1
19 0 0 0
19 1 12 1
20 0 26 1
20 1 7 0
21 0 4 0
21 1 21 1
22 0 16 1
22 1 21 0
23 0 15 1
23 1 13 0
24 0 26 0
24 1 27 1
25 0 16 1
25 1 22 1
26 0 29 1
26 1 20 1
27 0 14 1
27 1 27 1
28 0 28 1
28 1 14 1
29 0 7 1
29 1 24 1